#	Simulation	Obj	b0__FREE	gamma__FREE	mult__FREE	r__FREE	t0__FREE
	gen28ind14	131.0577175240062	0.1838525719595584	0.09279538283151098	5513.391380539631	29.339568533429215	0.27647463414276574
	gen28ind7	131.10213265617907	0.1838525719595584	0.09139555483325834	5513.391380539631	29.54110028040584	0.27647463414276574
	gen28ind5	131.11687992473804	0.18491529182183938	0.09171061198005252	5504.034080714679	29.54110028040584	0.3399807990375069
	gen27ind14	131.1244078891953	0.1838525719595584	0.09139555483325834	5504.034080714679	29.339568533429215	0.27647463414276574
	gen27ind3	131.12986413442133	0.1838525719595584	0.09139555483325834	5513.391380539631	29.339568533429215	0.27647463414276574
	gen26ind12	131.12986413442133	0.1838525719595584	0.09139555483325834	5513.391380539631	29.339568533429215	0.27647463414276574
	gen28ind0	131.1404463083093	0.1838525719595584	0.09205969031139476	5578.960910549887	29.341100756081314	0.26581166751141583
	gen27ind13	131.20456407824128	0.1827898520972774	0.09209371149594281	5364.478476403336	27.627683588521187	0.3387775208724595
	gen28ind12	131.20875299835774	0.18492956359119944	0.09139555483325834	5513.391380539631	29.339568533429215	0.27647463414276574
	gen28ind11	131.22292937489553	0.18327066686460736	0.09209371149594281	5513.391380539631	27.896213475917722	0.3624848404208013
	gen28ind8	131.23371745949717	0.1838525719595584	0.09209371149594281	5513.391380539631	28.030747082474434	0.3685915021372337
	gen25ind0	131.23371745949717	0.1838525719595584	0.09209371149594281	5513.391380539631	28.030747082474434	0.3685915021372337
	gen24ind8	131.23371745949717	0.1838525719595584	0.09209371149594281	5513.391380539631	28.030747082474434	0.3685915021372337
	gen28ind9	131.24914998147142	0.1838525719595584	0.0899543724193877	5461.8578002668055	29.339568533429215	0.16722670489115815
	gen24ind12	131.25057344791222	0.18172713223499642	0.09146359720235445	5269.827860148515	27.19530902199778	0.22482348382921685
	gen26ind10	131.2541858546955	0.1816985886962763	0.09209371149594281	5513.391380539631	27.147407609213126	0.3685915021372337
	gen28ind13	131.26352519167068	0.1807084156228963	0.09235181328691429	5494.676780889726	26.747408560564075	0.3701418589387485
	gen27ind5	131.26583275791444	0.1838525719595584	0.09205969031139476	5578.960910549887	28.24502029397327	0.3118701015086498
	gen28ind3	131.27821230326936	0.18436193026560846	0.09209371149594281	5373.8357762282885	27.627683588521187	0.3387775208724595
	gen28ind10	131.28012564354918	0.18105246716777562	0.09065252908207216	5513.391380539631	27.147407609213126	0.3685915021372337
	gen27ind9	131.2810359788521	0.1807084156228963	0.09200273495557205	5494.676780889726	26.747408560564075	0.32408342494151454
	gen27ind7	131.28532548731704	0.1833212120284179	0.09419521082976363	5433.785900791947	26.747408560564075	0.4046923625289671
	gen28ind2	131.29332101294813	0.1807084156228963	0.09165365662422982	5494.676780889726	26.747408560564075	0.32408342494151454
	gen27ind8	131.30193982790664	0.1838525719595584	0.09260031840068214	5513.391380539631	27.403733357804335	0.3685915021372337
	gen28ind4	131.30617013693316	0.1833212120284179	0.09209371149594281	5443.61357838396	27.17480461002042	0.3685915021372337
	gen25ind6	131.3075497508662	0.1838525719595584	0.09451026797655782	5494.676780889726	26.747408560564075	0.3940293958976172
	gen26ind14	131.32485862764167	0.1838525719595584	0.09209371149594281	5513.391380539631	27.403733357804335	0.3685915021372337
	gen28ind1	131.3333678412305	0.18172713223499642	0.09146359720235445	5006.809028078293	26.650502236708192	0.15160119611000192
	gen27ind4	131.33472647406157	0.18172713223499642	0.09146359720235445	5215.56557226704	26.59569229813497	0.26290510561045133
	gen27ind11	131.33595107447206	0.1838525719595584	0.09209371149594281	5382.252320519121	26.998755792088218	0.38991743539993357
	gen23ind8	131.33903520881196	0.17509404656909494	0.09286057929974245	5731.43178702099	25.32517168539581	0.44533640230062427
	gen24ind11	131.34550764728672	0.1838525719595584	0.09352607034267374	5494.676780889726	26.747408560564075	0.3940293958976172
	gen27ind1	131.34657198072009	0.182560328902557	0.08921134666820153	5279.185159973468	27.52347142061791	0.1714215768967184
	gen26ind9	131.35379872139822	0.18172713223499642	0.09146359720235445	5128.063045267061	26.47084644063861	0.20235297549970716
	gen28ind6	131.35894194543513	0.182560328902557	0.0891943360759275	5279.185159973468	27.52347142061791	0.14306087658242644
	gen27ind2	131.38943377441925	0.182560328902557	0.08921134666820153	5077.16369251223	26.85702843771052	0.1714215768967184
	gen26ind5	131.39091253180828	0.182560328902557	0.08921134666820153	5269.827860148515	27.19530902199778	0.1714215768967184
	gen26ind13	131.40406123195677	0.1827898520972774	0.09177865434914863	5391.609620344074	26.344345066610828	0.38991743539993357
	gen23ind13	131.40579474097987	0.18006073889987528	0.09596809827066027	5416.383777235502	25.298483397845736	0.41576735347268223
	gen27ind12	131.40606803168083	0.1821437305687767	0.09177865434914863	5391.609620344074	26.344345066610828	0.24527403878244194
	gen25ind2	131.40781148906603	0.1838525719595584	0.09240876864273699	5513.391380539631	26.747408560564075	0.3685915021372337
	gen27ind10	131.41272778827397	0.182560328902557	0.08921134666820153	5363.088873377905	27.19530902199778	0.21748001089395236
	gen25ind13	131.4142741784687	0.1795446054329942	0.09285991052772338	5764.65367326163	25.62239887499664	0.4090572198181527
	gen24ind13	131.42216279707543	0.1838525719595584	0.09209371149594281	5513.391380539631	26.747408560564075	0.3685915021372337
	gen23ind0	131.42216279707543	0.1838525719595584	0.09209371149594281	5513.391380539631	26.747408560564075	0.3685915021372337
	gen23ind11	131.42525709674553	0.18172713223499642	0.09183537438753528	5294.928756329578	25.94128157265758	0.3089635396076853
	gen25ind4	131.43165099551092	0.1838525719595584	0.09279186815862728	5699.913406998409	26.747408560564075	0.46070837013170163
	gen26ind3	131.4345509093469	0.1838525719595584	0.09209371149594281	5382.252320519121	26.344345066610828	0.38991743539993357
	gen26ind0	131.43475785167084	0.18066441237271544	0.0904323606321948	5269.827860148515	25.94128157265758	0.26643061146271935
	gen22ind9	131.4354653714436	0.18172713223499642	0.09146359720235445	5269.827860148515	25.94128157265758	0.3089635396076853
	gen27ind0	131.43565579278012	0.18172713223499642	0.0914976183869025	5215.56557226704	25.94128157265758	0.3089635396076853
	gen25ind1	131.4365462140054	0.18172713223499642	0.09146359720235445	5215.56557226704	25.94128157265758	0.3089635396076853
	gen25ind5	131.43667615761385	0.1838525719595584	0.09209371149594281	5391.609620344074	26.344345066610828	0.38991743539993357
	gen24ind1	131.44350989409983	0.18172713223499642	0.09118890393062258	5269.827860148515	25.94128157265758	0.3089635396076853
	gen24ind2	131.44812993907118	0.18195665542971684	0.09209371149594281	5573.412154650517	26.022945979204906	0.38369137980288365
	gen20ind0	131.44892343426142	0.1838525719595584	0.09209371149594281	5513.391380539631	26.747408560564075	0.3089635396076853
	gen25ind14	131.47669253147325	0.1838525719595584	0.09209371149594281	5621.915956302581	26.971358791280927	0.3089635396076853
	gen19ind8	131.4771762785632	0.18816053848612257	0.0921163561573617	5514.382634711791	28.8627534785604	0.3089635396076853
	gen27ind6	131.4777625096553	0.1832064504310577	0.09135068574475663	5699.913406998409	26.643196392660798	0.46070837013170163
	gen26ind11	131.48074870593456	0.1838525719595584	0.09403936499300547	5494.676780889726	25.662537340326146	0.4440762360028509
	gen26ind8	131.49233595618645	0.1838525719595584	0.09279186815862728	5699.913406998409	26.344345066610828	0.46070837013170163
	gen22ind1	131.49708533010204	0.19329807617698994	0.09386590109524923	5283.43385491068	28.7217177312163	0.4723851185330195
	gen23ind4	131.4981565025771	0.1838525719595584	0.09157293095817706	5513.391380539631	26.747408560564075	0.26631167308228554
	gen22ind14	131.50994929399806	0.1838525719595584	0.09209371149594281	5621.915956302581	26.747408560564075	0.3089635396076853
	gen24ind6	131.51994324729844	0.17855597670108747	0.0934319924701226	5621.915956694231	24.583795371967312	0.26631167308228554
	gen23ind12	131.52193651001593	0.1838525719595584	0.09100118340178737	5537.912205736391	26.747408560564075	0.30225340595315575
	gen26ind7	131.52957735675653	0.17756425928623418	0.09146359720235445	5215.56557226704	24.929992852031248	0.2541374539854119
	gen19ind4	131.54309104709876	0.1795446054329942	0.09285991052772338	5564.584427073916	24.649390425903	0.41576735347268223
	gen25ind10	131.54401973336073	0.19312627612200367	0.09231052398425965	5191.844203020384	28.769986001816736	0.4186157108522321
	gen25ind9	131.54641268799216	0.1815246578585144	0.09285991052772338	5642.871913066071	25.14988584314373	0.4090572198181527
	gen23ind9	131.55554057207303	0.18087940784360318	0.09335208505979116	5533.113788131201	24.715231615636085	0.48162137159928053
	gen26ind1	131.55556354585065	0.1795446054329942	0.09285991052772338	5603.725411238959	24.577666120088214	0.4199261986056852
	gen23ind3	131.55919328323878	0.1795446054329942	0.09285991052772338	5642.871913066071	24.577666120088214	0.4090572198181527
	gen25ind7	131.57568209199331	0.18480053022447918	0.09183332122705994	5591.905569247139	26.747408560564075	0.3089635396076853
	gen24ind4	131.58046576459833	0.18202795159838436	0.0944136700131823	5485.347908173328	24.577666120088214	0.39427269540418164
	gen25ind8	131.6184451549626	0.17855597670108747	0.0934319924701226	5621.915956694231	23.956781647297213	0.30838170097151973
	gen25ind3	131.63051849121217	0.18666582105263918	0.09157293095817706	5562.3908092777765	27.641027371025515	0.26631167308228554
	gen22ind11	131.6490012656747	0.18689674172821288	0.09132751246416224	5465.340984318272	26.89085717219365	0.3223838069167444
	gen23ind14	131.65307076468807	0.19528025938528576	0.09231052398425965	5062.988721964657	28.769986001816736	0.3770087652539735
	gen26ind2	131.65371539406573	0.19528025938528576	0.09192742446836936	5191.844203020384	29.65332547507804	0.4090458186431225
	gen19ind10	131.67238835608197	0.19528025938528576	0.09231052398425965	5117.746636932212	28.769986001816736	0.41110179889196435
	gen22ind12	131.67463106314347	0.17865390701867653	0.09335208505979116	5533.113788131201	23.769783362201423	0.4964055319427638
	gen20ind4	131.67528632354032	0.1750936037831409	0.09285991052772338	5573.865559689572	23.55725725596125	0.4453356741596488
	gen18ind4	131.69865096630338	0.1790584129856866	0.0882778554326523	5146.39033128992	24.515553790460103	0.32276976301851396
	gen24ind9	131.70453463623446	0.18568723708603682	0.08914245627585136	5514.382634711791	27.085721018768613	0.3089635396076853
	gen19ind7	131.70453463623446	0.18568723708603682	0.08914245627585136	5514.382634711791	27.085721018768613	0.3089635396076853
	gen24ind10	131.7119213131364	0.19528025938528576	0.09192742446836936	5117.746636932212	28.832493183464813	0.3875138732242401
	gen26ind4	131.73283660094617	0.1838525719595584	0.09240876864273699	5513.391380539631	24.651248619699814	0.3685915021372337
	gen20ind7	131.73327399808588	0.18816053848612257	0.09056131343238166	5566.5669354182355	28.741865881329275	0.24077747233170355
	gen24ind14	131.75699357590275	0.17509404656909494	0.09286057929974245	5731.43178702099	22.75849464157509	0.3952895621953906
	gen17ind0	131.7643670200323	0.18796041628539317	0.09132751246416224	5514.382634711791	27.085721018768613	0.3089635396076853
	gen20ind9	131.76496340557077	0.1749935426827762	0.09285991052772338	5731.431786237691	22.758493919033672	0.4453356741596488
	gen21ind6	131.76591740042807	0.17509404656909494	0.09286057929974245	5731.43178702099	22.75849464157509	0.44533640230062427
	gen21ind3	131.76592444043035	0.1750936037831409	0.09285991052772338	5731.431786237691	22.758493919033672	0.4453356741596488
	gen19ind3	131.76592444043035	0.1750936037831409	0.09285991052772338	5731.431786237691	22.758493919033672	0.4453356741596488
	gen21ind7	131.77694194741662	0.1763802850333661	0.09383459239838451	5663.416686837529	22.758493919033672	0.4453356741596488
	gen20ind10	131.77913936602968	0.18568723708603682	0.08940034484693393	5618.351087869312	27.085721018768613	0.3089635396076853
	gen21ind0	131.79949735152988	0.18826059958648728	0.09109182001717361	5378.352435911465	26.344345066610828	0.3089635396076853
	gen20ind12	131.79949735152988	0.18826059958648728	0.09109182001717361	5378.352435911465	26.344345066610828	0.3089635396076853
	gen26ind6	131.8187115778106	0.1838525719595584	0.09209371149594281	5734.18574341014	25.235607489295425	0.30753936091791034
	gen19ind0	131.81929327245825	0.17410240148250447	0.09285991052772338	5571.038614321267	22.758493919033672	0.4453356741596488
	gen23ind7	131.81963301255877	0.18816053848612257	0.09200794991320328	5766.467294396976	28.8627534785604	0.2578944099655458
	gen22ind6	131.8202061280031	0.1749935426827762	0.09258521725599152	5560.619410385278	22.758493919033672	0.4453356741596488
	gen18ind1	131.83261138239362	0.18816053848612257	0.09132751246416224	5514.382634711791	26.747408560564075	0.3089635396076853
	gen21ind9	131.8335906487737	0.18816053848612257	0.09109182001717361	5430.53673661791	26.344345066610828	0.3089635396076853
	gen23ind6	131.85087747808086	0.17865390701867653	0.09335208505979116	5587.376076012675	22.71211090320326	0.5304985655807547
	gen23ind2	131.86033636685664	0.18900377991898756	0.08914245627585136	5283.580671275554	27.085721018768613	0.24077710826121582
	gen24ind7	131.86069398524032	0.17889902332861746	0.09522163293742231	5343.8969987364835	22.77036528735102	0.41576735347268223
	gen18ind8	131.86504556943416	0.1750936037831409	0.09285991052772338	5459.37138863704	22.758493919033672	0.4453356741596488
	gen17ind4	131.86504556943416	0.1750936037831409	0.09285991052772338	5459.37138863704	22.758493919033672	0.4453356741596488
	gen22ind13	131.86954963537067	0.18816053848612257	0.09132751246416224	5622.907210474741	26.747408560564075	0.37714960688366705
	gen23ind1	131.87834771249914	0.18593525905417296	0.09132751246416224	5706.330890448278	25.80196066840012	0.37714960688366705
	gen19ind13	131.88308373739417	0.18816053848612257	0.09132751246416224	5566.5669354182355	26.747408560564075	0.3089635396076853
	gen25ind12	131.8885324268804	0.1838525719595584	0.09176063158846763	5604.263260176238	24.349887745845624	0.3089635396076853
	gen17ind12	131.9052850449557	0.1790584129856866	0.08671293488215925	5303.956557838039	23.409849120923624	0.32276976301851396
	gen15ind11	131.91350956426578	0.1790584129856866	0.0897498250777633	5400.057351064055	22.85503118277596	0.32276976301851396
	gen21ind12	131.91448619126942	0.1790584129856866	0.0897498250777633	5482.489776473783	22.85503118277596	0.3909558302944957
	gen16ind12	131.94183873685196	0.1750936037831409	0.08973006942673728	5774.503841733277	22.159338555773715	0.5679015853007836
	gen21ind14	131.94222937737388	0.18172713223499642	0.09146359720235445	5378.352435911465	22.889151792894214	0.3089635396076853
	gen20ind11	131.94845492639004	0.1752937259838703	0.09390697073154818	5459.37138863704	21.952366931127173	0.33405674604525903
	gen22ind3	131.95301703707574	0.1749935426827762	0.09284858819701394	5731.431786237691	21.70082146003551	0.4453356741596488
	gen19ind6	131.96130826869512	0.1752937259838703	0.09238852563374615	5459.37138863704	21.952366931127173	0.33405674604525903
	gen22ind0	131.96183562892983	0.18816053848612257	0.0920256691268467	5690.922309874904	26.747408560564075	0.3089635396076853
	gen20ind13	131.9854817228738	0.1752937259838703	0.092760302818927	5459.37138863704	21.952366931127173	0.4022428133212408
	gen23ind10	131.98860471760145	0.18969715109428253	0.09132751246416224	5491.264246483399	26.747408560564075	0.2834286107161278
	gen21ind13	131.9898214235037	0.19065767907342318	0.09226376322626337	5435.0194506492535	26.344345066610828	0.3089635396076853
	gen22ind8	131.9909148756642	0.17905819159270958	0.08974949069175377	5264.02715187208	22.451967327552	0.30798523860454297
	gen25ind11	131.9912433248165	0.17558791814909425	0.09257386955652377	5459.37138863704	21.949302305187622	0.41576735347268223
	gen18ind5	131.9928131516719	0.1750936037831409	0.09285991052772338	5459.37138863704	21.952366931127173	0.41576735347268223
	gen20ind5	132.00367016003963	0.1788535864334519	0.09248560954719512	5459.37138863704	21.905983192755343	0.33405674604525903
	gen16ind11	132.00736380811853	0.1934979769847423	0.09132751246416224	5318.553806380713	27.085721018768613	0.41110179889196435
	gen24ind5	132.0183567893185	0.1750936037831409	0.0929683167718818	5459.37138863704	21.952366931127173	0.46683648311482173
	gen22ind5	132.03260348683855	0.18999520361260103	0.08914245627585136	5489.281738530728	28.13473008609915	0.25556163267518683
	gen21ind5	132.0663229723718	0.18162707113463172	0.09260202195664081	5355.402935479518	21.952366931127173	0.41576735347268223
	gen24ind0	132.0859672884649	0.19062913553470306	0.09100118340178737	5537.912205736391	26.747408560564075	0.35332253559529525
	gen19ind2	132.08980967687532	0.17762164008491432	0.08713570957391736	5829.5150878080285	22.471597418315948	0.4184958676825061
	gen22ind10	132.1074571108736	0.18942433524403227	0.09132751246416224	5615.608585811755	26.603959948934502	0.2955432722986262
	gen21ind10	132.10783360129227	0.1752937259838703	0.09238852563374615	5542.795068218928	21.00691867769251	0.33405674604525903
	gen24ind3	132.11921379103026	0.19329807617698994	0.09414059436698109	5454.246230763094	25.312908195871522	0.4747178958233784
	gen22ind7	132.12596009603203	0.19965974347349452	0.09231052398425965	5117.746636932212	28.769986001816736	0.41110179889196435
	gen17ind10	132.1354947083678	0.1705472453844282	0.08747317722970563	5957.4242955696545	20.738798704143942	0.4270543364994272
	gen17ind5	132.14045884133898	0.1869692139847568	0.09194167099951125	5327.83493899637	22.507184869274838	0.6496121927282068
	gen18ind0	132.14830241034514	0.1869692139847568	0.09194167099951125	5327.83493899637	22.507184869274838	0.5791885683275286
	gen21ind8	132.15470945343228	0.1750936037831409	0.09285991052772338	5261.053389747251	21.952366931127173	0.46683648311482173
	gen20ind1	132.1578921103194	0.17563923548364146	0.0881824418381994	5829.5150878080285	21.221501955563976	0.5410617788236409
	gen21ind11	132.15842719816564	0.183335483797778	0.08724411581807578	5631.692716004319	23.482886138942277	0.4695649973246456
	gen18ind10	132.16143481988848	0.19271630558784592	0.09371804892631817	5189.9690489998975	24.43169770763007	0.29282851614409794
	gen23ind5	132.16252154978702	0.183335483797778	0.08713570957391736	5577.430428122843	23.482886138942277	0.4184958676825061
	gen19ind1	132.17127189307894	0.1790584129856866	0.08401956823315038	5303.956557838039	22.40000151347876	0.3136290941884031
	gen21ind4	132.18714814409816	0.19528025938528576	0.09112725844446046	5117.746636932212	25.766124853924516	0.41110179889196435
	gen18ind11	132.1898465913157	0.16875555428087413	0.09025780759891855	5957.4242955696545	20.234191839420504	0.4861909778733604
	gen21ind2	132.21412644035655	0.1739296467326189	0.09446969763624177	5774.503841733277	20.354840257272016	0.5679015853007836
	gen15ind1	132.23745004807074	0.1750936037831409	0.08973006942673728	5774.503841733277	20.547084579960714	0.5679015853007836
	gen22ind2	132.23768136758048	0.20186375728695893	0.09231052398425965	4941.2069617690995	28.769986001816736	0.3429157316159826
	gen18ind14	132.23810095605162	0.1750936037831409	0.09184328960632737	5774.503841733277	20.354840257272016	0.5679015853007836
	gen20ind3	132.24428034429167	0.1749935426827762	0.09184328960632737	5748.411691380055	20.354840257272016	0.5679015853007836
	gen20ind2	132.255574296007	0.19469400583761343	0.09185846758627914	5384.322031201048	28.8627534785604	0.17949451676113615
	gen18ind9	132.2679408014087	0.1790584129856866	0.09448424795809875	5445.7874645231495	20.257772795024252	0.30196918497420877
	gen18ind7	132.2708147114826	0.18064057318550064	0.08765570467011372	5734.0898442012	21.91444785609039	0.4861909778733604
	gen18ind3	132.2882183918246	0.1790584129856866	0.08411083195335442	5303.956557838039	21.691674029216955	0.34319741487536976
	gen20ind8	132.3004863666216	0.1790584129856866	0.09448424795809875	5445.7874645231495	20.08861656592198	0.30196918497420877
	gen15ind13	132.31401281483195	0.19528025938528576	0.09132751246416224	5410.014033298901	27.085721018768613	0.41110179889196435
	gen18ind2	132.3175091193788	0.19320720238665884	0.09380931264652222	5189.9690489998975	23.723370223368264	0.2848522473403665
	gen19ind5	132.32178891703376	0.18104081758695945	0.09448424795809875	5289.29693584959	20.257772795024252	0.30196918497420877
	gen15ind14	132.3270488286592	0.1790584129856866	0.09188214502929391	5445.7874645231495	20.257772795024252	0.29282851614409794
	gen16ind8	132.33060677975556	0.18084069538623004	0.09188214502929391	5189.9690489998975	20.54990906605593	0.29282851614409794
	gen22ind4	132.37104071811066	0.19222070443752765	0.08837625724407079	5431.950209302064	27.085721018768613	0.3089635396076853
	gen15ind8	132.37500975172725	0.17865816858422778	0.08433751562187772	5262.867010686772	21.131357122024067	0.5234082626406401
	gen17ind14	132.3963917015568	0.16421860458517207	0.08581980077308946	6011.759992025216	19.32214373562033	0.4591418975704774
	gen16ind9	132.40594389307267	0.1705472453844282	0.08765570467011372	5957.4242955696545	19.32214373562033	0.4270543364994272
	gen14ind10	132.41685160394226	0.18855137418457082	0.09188214502929391	5501.47426021709	22.85503118277596	0.32276976301851396
	gen19ind9	132.41908644754272	0.19528025938528576	0.09132751246416224	5458.064429911909	26.80831204969478	0.41110179889196435
	gen16ind3	132.42941822303035	0.17152903898205402	0.08765570467011372	5957.4242955696545	19.32214373562033	0.4861909778733604
	gen16ind6	132.43046173528208	0.17865816858422778	0.08765570467011372	5957.4242955696545	20.934397711433327	0.4861909778733604
	gen16ind0	132.43531318792856	0.19369809918547176	0.09194167099951125	5191.320148238276	22.85503118277596	0.527046281587072
	gen17ind6	132.4550994698904	0.19131545018274007	0.09132751246416224	5757.292675740342	25.450721808241298	0.46287115944497154
	gen19ind14	132.4653448300973	0.1745073502354686	0.08258600343759945	5119.960406127104	20.57574664416497	0.35010052658078405
	gen16ind5	132.48349816471855	0.18449591258467102	0.08617341951890198	5107.789954697366	21.131357122024067	0.5234082626406401
	gen18ind6	132.50919004106638	0.17183863098615873	0.09002714136032913	5290.034858914553	19.587125206419618	0.26363312164458075
	gen17ind8	132.5214445877298	0.17549384818459973	0.08976892484970381	5957.4242955696545	19.32214373562033	0.34534372907200395
	gen19ind11	132.53301308185283	0.1790584129856866	0.0897498250777633	5400.057351064055	19.489590802027664	0.32276976301851396
	gen18ind12	132.53644242560273	0.18329517938029458	0.08831582947633057	6131.739166409565	22.66656806370091	0.5679015853007836
	gen15ind5	132.53755435341063	0.1750936037831409	0.08791821044731987	5774.503841733277	19.24845538608486	0.645974173781775
	gen17ind2	132.57363045195663	0.18064057318550064	0.08765570467011372	5957.4242955696545	20.934397711433327	0.4861909778733604
	gen17ind13	132.57871555275204	0.17549384818459973	0.08765570467011372	5957.4242955696545	19.32214373562033	0.4270543364994272
	gen16ind10	132.6056877657814	0.19884482418637267	0.09129919739678927	4756.884070376879	22.85503118277596	0.45410341680231014
	gen17ind9	132.6095082300809	0.1795493097844995	0.08406019933931189	5107.789954697366	20.17104038635275	0.5234082626406401
	gen14ind2	132.63832046805294	0.18855137418457082	0.09224719991011007	5299.9915411493985	20.021721245728735	0.6423361548353431
	gen17ind11	132.64132692509006	0.18855137418457082	0.09224719991011007	5317.878256761523	20.021721245728735	0.6423361548353431
	gen17ind1	132.6733560138975	0.18855137418457082	0.09188214502929391	5647.607958400435	22.85503118277596	0.22245051320745088
	gen17ind3	132.6767385625425	0.18102200018093823	0.0856224628273217	6131.739166409565	21.656720456256046	0.5679015853007836
	gen15ind7	132.6767385625425	0.18102200018093823	0.0856224628273217	6131.739166409565	21.656720456256046	0.5679015853007836
	gen21ind1	132.69211041559853	0.20186375728695893	0.09231052398425965	5117.746636932212	28.235261593513858	0.2816327760454152
	gen16ind14	132.69734163903854	0.18102200018093823	0.0856224628273217	6154.604223139112	21.656720456256046	0.5679015853007836
	gen20ind6	132.6982994732146	0.17252494563419574	0.09525044698987932	5445.7874645231495	18.263315474259052	0.30196918497420877
	gen15ind2	132.70261685582054	0.19073390098657309	0.09247712177159703	4979.880746935738	20.021721245728735	0.7080029817272413
	gen16ind13	132.7055814406032	0.18855137418457082	0.08993730496554271	5189.969048999896	20.021721245728735	0.6423361548353431
	gen15ind9	132.72919390088336	0.19033365658511425	0.09132751246416224	5647.270183590841	22.78113547425548	0.3847985709639802
	gen11ind4	132.73072539642214	0.19131545018274007	0.09132751246416224	5848.752902658531	24.838251386071107	0.42201585573125994
	gen15ind0	132.7355483420498	0.17865816858422778	0.08765570467011372	5957.4242955696545	19.32214373562033	0.4861909778733604
	gen15ind12	132.77719051652699	0.18440526018731696	0.08726235514015919	5225.742480224145	19.394471681854444	0.5751776231936474
	gen14ind8	132.78770845952232	0.19528025938528576	0.09132751246416224	5410.014033298901	23.81708300101534	0.42201585573125994
	gen12ind4	132.84566692143366	0.20637419819000527	0.09261670809971781	4368.178105974577	22.285808159857012	0.5854370705861064
	gen13ind0	132.85435589815637	0.1750936037831409	0.0856224628273217	5774.503841733277	17.949826192209006	0.5679015853007836
	gen18ind13	132.86980862350316	0.19973126103513905	0.09363480125516373	5515.227071735777	27.085721018768613	0.40419868718655005
	gen12ind6	132.87679009610585	0.19844457978491387	0.09224719991011007	5337.116071612026	22.618979633480443	0.6598716401206659
	gen16ind7	132.89799750461935	0.19844457978491387	0.09196988362754424	5337.116071612026	22.618979633480443	0.6598716401206659
	gen14ind6	132.92261019414306	0.18855137418457082	0.08959252461265227	5647.27018359084	20.31396119625292	0.5679015853007836
	gen13ind7	132.93094864362297	0.19091520578128127	0.0925527288207089	6031.673356494908	22.618979633480443	0.5781610326932427
	gen17ind7	132.95880107127928	0.19022418678173894	0.09132751246416224	6232.480525943409	25.03049570875981	0.5186970865958912
	gen13ind14	132.96936993550446	0.17865816858422778	0.08626706064509948	5774.503841733277	17.949826192209006	0.5679015853007836
	gen16ind4	132.9718418597931	0.18855137418457082	0.09224719991011007	5299.9915411493985	18.336459122030945	0.6423361548353431
	gen15ind3	132.97884476672976	0.19884482418637267	0.09194167099951125	5191.320148238276	22.85503118277596	0.45410341680231014
	gen14ind9	132.97884476672976	0.19884482418637267	0.09194167099951125	5191.320148238276	22.85503118277596	0.45410341680231014
	gen12ind7	132.99552480874382	0.17865816858422778	0.0856224628273217	5774.503841733277	17.949826192209006	0.5679015853007836
	gen13ind9	132.9962941811053	0.19844457978491387	0.09322776592091547	5191.320148238276	22.85503118277596	0.32276976301851396
	gen15ind10	132.99949216926	0.17885829078495719	0.08546969837202228	5774.503841733277	17.949826192209006	0.6087568890144952
	gen10ind6	133.00503855321534	0.20637419819000527	0.09261670809971781	4459.638332892766	21.62736953183287	0.5854370705861064
	gen13ind3	133.05695642859297	0.19844457978491387	0.09034694645335684	5337.116071612026	22.618979633480443	0.6350601169424794
	gen10ind0	133.08803200804672	0.17865816858422778	0.08608230655029561	5774.503841733277	17.424462857977026	0.5679015853007836
	gen20ind14	133.09381773291972	0.16856013643165008	0.0922150667915082	5746.998218695901	16.899646983555403	0.6213034922332821
	gen19ind12	133.09436544001926	0.18746481513507496	0.08958287228734202	5957.4242955696545	20.934397711433327	0.4861909778733604
	gen12ind9	133.0972968256923	0.20637419819000527	0.09261670809971781	4459.638332892766	21.10200619760089	0.5854370705861064
	gen12ind0	133.10702944612228	0.17945865738714542	0.08608230655029561	5225.742480224145	17.424462857977026	0.5679015853007836
	gen11ind10	133.10702944612228	0.17945865738714542	0.08608230655029561	5225.742480224145	17.424462857977026	0.5679015853007836
	gen9ind5	133.12297432678932	0.17865816858422778	0.08765570467011372	5957.4242955696545	17.424462857977026	0.4861909778733604
	gen11ind5	133.12343048792872	0.20597395378854644	0.09002009111642173	5008.399694401898	27.08141413849768	0.4861909778733604
	gen13ind1	133.1279659924774	0.17865816858422778	0.08433751562187772	5262.867010686772	17.424462857977026	0.5999891463718339
	gen13ind5	133.15627876824968	0.20597395378854644	0.09250756105402581	4734.019013647332	21.89005119894886	0.5854370705861064
	gen14ind11	133.16380324721976	0.17945865738714542	0.08330751299604301	5225.742480224145	17.424462857977026	0.5751776231936474
	gen14ind12	133.20103625033886	0.17945865738714542	0.08608230655029561	5134.282253305956	17.424462857977026	0.6992352390845799
	gen15ind6	133.22182105477165	0.19447977058236815	0.0925527288207089	5775.854940971656	21.50934375718511	0.5781610326932427
	gen14ind1	133.22204183107974	0.19131545018274007	0.09132751246416224	6287.49177201816	25.859419771126873	0.4592331404985397
	gen13ind6	133.22694834480245	0.20637419819000527	0.09261670809971781	4751.230179640266	21.10200619760089	0.7080029817272412
	gen16ind2	133.23021134565772	0.19884482418637267	0.09148182727653734	5346.397204227684	22.85503118277596	0.45410341680231014
	gen15ind4	133.25349376931567	0.17569397038532913	0.08718519773397165	5134.282253305956	17.424462857977026	0.6707856969599615
	gen16ind1	133.28594689983177	0.17529372598387033	0.08811554839308763	5902.413049494903	15.79014384910039	0.4861909778733604
	gen11ind12	133.30259875460075	0.20637419819000527	0.09071645464296457	4459.638332892766	20.57664286336891	0.5854370705861064
	gen12ind12	133.3413669487914	0.2127028389892614	0.09445261199674207	4405.302636437204	21.62736953183287	0.5854370705861064
	gen14ind7	133.3709908252905	0.20637419819000527	0.08984405917875563	4478.20059812408	20.57664286336891	0.5854370705861064
	gen12ind8	133.42242200893415	0.20557370938708763	0.09227763919253885	5008.399694401898	22.15273286606485	0.5854370705861064
	gen14ind13	133.4521447666918	0.17865816858422778	0.08433751562187772	5262.867010686772	16.0817035979739	0.6816997537992571
	gen13ind10	133.4595384310858	0.1790584129856866	0.08608230655029561	5317.202707142334	15.892980657833682	0.6992352390845799
	gen13ind4	133.46599640283216	0.20557370938708763	0.09132751246416224	5008.399694401898	22.415414533180844	0.5854370705861064
	gen14ind4	133.50152020878124	0.1998454351900197	0.08988710273038292	4513.974029348328	17.890916984377636	0.5854370705861064
	gen7ind4	133.5330805805505	0.20557370938708763	0.09002009111642173	5008.399694401898	23.82998489865618	0.4861909778733604
	gen9ind3	133.59516053717368	0.20557370938708763	0.09132751246416224	5008.399694401898	21.62736953183287	0.5854370705861064
	gen11ind9	133.68063548643073	0.20557370938708763	0.0904078250182144	5008.399694401898	21.62736953183287	0.5854370705861064
	gen12ind5	133.77119553241778	0.20557370938708763	0.08945769828983778	5008.399694401898	21.62736953183287	0.5854370705861064
	gen11ind11	133.77318922796115	0.20557370938708763	0.09132751246416224	5008.399694401898	20.57664286336891	0.5854370705861064
	gen13ind2	133.7881782667184	0.20557370938708763	0.08988710273038292	4916.939467483709	20.488175372129344	0.5854370705861064
	gen13ind8	133.80195105291622	0.2198319685914352	0.09644979892894348	4259.506713063454	21.10200619760089	0.5854370705861064
	gen10ind11	133.86578762202575	0.20557370938708763	0.08634134133263034	5008.399694401898	24.292919362988066	0.4861909778733604
	gen11ind2	133.88305414022614	0.20557370938708763	0.09420833193172086	5191.320148238276	22.85503118277596	0.32276976301851396
	gen13ind12	133.97769086796262	0.17865816858422778	0.08765570467011372	6614.857049989911	15.848372855281085	0.4861909778733604
	gen12ind3	134.00508428226283	0.21350332779217907	0.09261670809971781	4459.638332892766	19.977320802161152	0.5110025010515469
	gen8ind10	134.02964073094876	0.20557370938708763	0.09132751246416224	5008.399694401898	19.969001764968404	0.4861909778733604
	gen13ind11	134.05059678389355	0.19844457978491387	0.08736286724313816	4825.479240565521	16.467270312152994	0.4861909778733604
	gen14ind3	134.15442884862966	0.19844457978491387	0.09322776592091547	5848.752902658531	22.85503118277596	0.31400202037585256
	gen10ind13	134.26755840783156	0.20557370938708763	0.09328864448577302	5374.240602074653	23.6396072636556	0.32276976301851396
	gen11ind6	134.3449151637008	0.20557370938708763	0.08948813757226656	5374.240602074653	26.850489117893837	0.32276976301851396
	gen11ind0	134.3736046656047	0.20557370938708763	0.089938868439148	5008.399694401898	17.36982142608	0.6671476780135296
	gen14ind14	134.40224858678638	0.21506667058597184	0.09296954941029015	4972.62626317765	23.085433759881052	0.6314220979960475
	gen14ind5	134.43533575875102	0.211502105784885	0.09224719991011007	5228.444678700902	22.618979633480443	0.6686393827633272
	gen14ind0	134.48465415330864	0.21903147978851756	0.09578843111287563	4808.268074572587	24.997623401788147	0.4628711594449716
	gen7ind10	134.82581072413493	0.20557370938708763	0.08634134133263034	5008.399694401898	18.3353929063881	0.4861909778733604
	gen12ind13	134.843007519559	0.21943172418997636	0.09328864448577302	4625.347620736209	23.6396072636556	0.37239280937488695
	gen11ind8	134.88389584300555	0.21903147978851756	0.08826288173908008	4533.88739381802	23.82998489865618	0.4861909778733604
	gen11ind7	134.8884116673415	0.20557370938708763	0.08948813757226656	5191.320148238276	20.753577845848042	0.27314671666214096
	gen11ind3	134.973399381618	0.20557370938708763	0.09124534694960822	5374.240602074653	21.538153926727677	0.27314671666214096
	gen4ind13	134.99225331924703	0.20557370938708763	0.08634134133263034	5008.399694401898	17.424462857977026	0.4861909778733604
	gen11ind1	135.0122344484958	0.20557370938708763	0.08783793060732646	4825.479240565521	15.124511052149865	0.4861909778733604
	gen9ind4	135.01331570563588	0.20557370938708763	0.07955648353403513	5008.399694401898	22.17973796569037	0.4861909778733604
	gen8ind9	135.04174780476728	0.20557370938708763	0.09051135643574454	5008.399694401898	15.124511052149865	0.4861909778733604
	gen9ind8	135.07944273657495	0.20557370938708763	0.08948813757226656	5374.240602074653	21.538153926727677	0.32276976301851396
	gen8ind12	135.13367630727515	0.20557370938708763	0.08634134133263034	5008.399694401898	16.677025139523636	0.4861909778733604
	gen10ind8	135.14380379205963	0.2071746869929229	0.08536167805695088	4459.638332892766	13.05954468387588	0.8130334075830533
	gen10ind2	135.16353637918687	0.20557370938708763	0.08414128591543041	5008.399694401898	17.424462857977026	0.5212619484440059
	gen10ind14	135.2140178798698	0.20557370938708763	0.08948813757226656	5374.240602074653	21.538153926727677	0.27314671666214096
	gen9ind10	135.22556589288695	0.20557370938708763	0.08372649863714932	4034.566940892123	12.791283097551698	0.25262782187722305
	gen12ind10	135.27324269076584	0.21150210578488496	0.08783793060732646	4825.479240565521	18.831405316196907	0.41324811308859855
	gen5ind11	135.27801176167043	0.20557370938708763	0.08372649863714932	5008.399694401898	17.424462857977026	0.4861909778733604
	gen10ind7	135.32234328106966	0.2071746869929229	0.09455961440914365	4276.7178790563885	11.002699149500554	0.8130334075830533
	gen7ind6	135.39051178707183	0.2071746869929229	0.0920665288433777	4276.7178790563885	11.002699149500554	0.8130334075830533
	gen11ind13	135.44016405867288	0.20557370938708763	0.08176766204745903	5008.399694401898	16.677025139523636	0.5854370705861064
	gen12ind2	135.45213686934162	0.20557370938708763	0.0887576180532743	5154.195617775648	15.124511052149865	0.4861909778733604
	gen13ind13	135.5176702723968	0.20557370938708763	0.08999364021888365	5374.240602074653	21.538153926727677	0.14181306287834475
	gen6ind1	135.63657830760982	0.2071746869929229	0.08536167805695088	4276.7178790563885	11.002699149500554	0.8130334075830533
	gen12ind1	135.63826696629133	0.21903147978851756	0.09190094329803908	4533.88739381802	17.839795214549333	0.3636250667322256
	gen8ind11	135.87237504014743	0.2071746869929229	0.08536167805695088	4276.7178790563885	10.237328814753166	0.8130334075830533
	gen12ind11	135.8906983794624	0.20557370938708763	0.08994798129524048	5611.496752366592	20.753577845848042	0.27314671666214096
	gen11ind14	136.12570538285985	0.21903147978851756	0.09132404146929082	4899.728301490775	22.810423380223366	0.32276976301851396
	gen12ind14	136.1281265246444	0.20557370938708763	0.08884353975448878	5648.621282829219	21.012790592495698	0.27314671666214096
	gen8ind1	136.75516991212194	0.20557370938708763	0.08372649863714932	5437.527240481528	14.451910664950354	0.4861909778733604
	gen7ind9	139.11333517785653	0.24674323441547197	0.08085002090228993	3262.7495547494773	7.801240916705603	0.8130334075830533
	gen4ind9	139.11333517785653	0.24674323441547197	0.08085002090228993	3262.7495547494773	7.801240916705603	0.8130334075830533
	gen10ind10	139.79545120700325	0.20557370938708763	0.08581150618870642	6461.736615469568	16.16051244167409	0.2876987924478685
	gen9ind6	139.79646275386148	0.20557370938708763	0.08372649863714932	6461.736615469568	20.513249364927248	0.2876987924478685
	gen8ind8	139.79646275386148	0.20557370938708763	0.08372649863714932	6461.736615469568	20.513249364927248	0.2876987924478685
	gen9ind0	140.16161777077295	0.20557370938708763	0.08397213129681072	6461.736615469568	16.16051244167409	0.2876987924478685
	gen8ind14	140.58117797177886	0.25940479099280733	0.08371261465766361	3110.350492066385	5.501289110878442	0.8130334075830533
	gen10ind1	140.58117797177886	0.25940479099280733	0.08371261465766361	3110.350492066385	5.501289110878442	0.8130334075830533
	gen6ind5	141.12391884942443	0.20557370938708763	0.08372649863714932	7084.667993277722	20.513249364927248	0.4861909778733604
	gen8ind3	141.16694283188846	0.26376941701526235	0.08536167805695088	2934.080427939335	3.9389549954732033	0.8130334075830533
	gen7ind8	141.19488878896934	0.2586043021898897	0.08085002090228993	3476.19139973914	8.712170965116679	0.8130334075830533
	gen6ind6	141.19488878896934	0.2586043021898897	0.08085002090228993	3476.19139973914	8.712170965116679	0.8130334075830533
	gen6ind13	141.66686788611	0.12107143111517502	0.08372649863714932	5008.399694401898	23.37451987445064	0.4861909778733604
	gen9ind2	143.67497512405836	0.34689210601219667	0.0885532982492169	838.9668041789853	7.801240916705603	0.008193967923840195
	gen10ind3	143.67497512405836	0.34689210601219667	0.0885532982492169	838.9668041789853	7.801240916705603	0.008193967923840195
	gen9ind11	143.7061459938441	0.3468911992578275	0.08855401507151293	750.0687219219536	7.801241429200132	0.008194943452451385
	gen9ind9	143.70622797421015	0.34689210601219667	0.0885532982492169	750.0687209605476	7.801240916705603	0.008193967923840195
	gen6ind0	143.70622797421015	0.34689210601219667	0.0885532982492169	750.0687209605476	7.801240916705603	0.008193967923840195
	gen4ind4	143.7390945677149	0.24674323441547197	0.04340971204987403	3262.7495547494773	7.801240916705603	0.8130334075830533
	gen0ind4	143.7390945677149	0.24674323441547197	0.04340971204987403	3262.7495547494773	7.801240916705603	0.8130334075830533
	gen9ind12	144.66524231686978	0.34689210601219667	0.0885532982492169	750.0687209605476	3.9402577830178283	0.008193967923840195
	gen8ind4	146.61638975148549	0.37101665325903854	0.08968178187918235	826.3535870121655	1.685958277537198	0.4160490367320695
	gen6ind3	147.26261643377188	0.3464940289072854	0.08551176677606817	1803.4449541435072	3.2474567333539968	0.46032896334203277
	gen3ind13	147.6830467017053	0.38761679428089457	0.09723083477919461	513.8184598043122	3.478011335221959	0.4160490367320695
	gen7ind13	147.88389694152914	0.2586043021898897	0.08085002090228993	1156.9479610332714	1.885461930392398	0.8596730444398311
	gen5ind13	148.35435707676754	0.22954200059690788	0.07718536393292522	6454.818063281556	19.439560922065596	0.6846831632988524
	gen7ind2	148.59429744164544	0.3187631694317665	0.08634134133263034	2323.124792167792	9.702496590601477	0.4861909778733604
	gen6ind11	148.92183515206364	0.3994778620553123	0.08171813785770833	932.0442958119953	3.478011335221959	0.4160490367320695
	gen9ind14	149.2609206700366	0.34689210601219667	0.0885532982492169	426.72782248375074	7.801240916705603	0.15522724693100626
	gen8ind13	149.53030976788978	0.3464940289072854	0.08318089383917905	2319.6554094568296	3.2474567333539968	0.6588211487675246
	gen7ind5	150.427211241166	0.2878949369216043	0.08592655405434926	3619.364169262365	9.425029747254435	0.4160490367320695
	gen10ind12	150.51886907719134	0.25959757191043453	0.08081862579310228	5008.399694401898	9.145436507148666	0.4861909778733604
	gen7ind11	151.10978395176392	0.34689210601219667	0.0885532982492169	1680.2766345268828	7.801240916705603	0.008193967923840195
	gen9ind1	152.88141297675233	0.26376941701526235	0.08646765651524416	804.9149412186598	2.4989371159358136	0.8130334075830533
	gen8ind5	152.9928462710877	0.3464940289072854	0.08551176677606817	2841.579103581419	3.2474567333539968	0.46032896334203277
	gen10ind5	153.2992348927285	0.28670589363092164	0.08551176677606817	4521.990696407642	5.069316830176149	0.25262782187722305
	gen4ind11	153.48581514822706	0.26188533661704916	0.098098951734613	6382.8652418744805	17.424462857977026	0.9049633432696351
	gen0ind2	153.58129656121554	0.37021616445612093	0.08551176677606817	2230.3286441228324	3.2474567333539968	0.4160490367320695
	gen5ind4	153.6635798842181	0.37021616445612093	0.09639595668803373	2230.3286441228324	3.2474567333539968	0.11088171630738958
	gen9ind7	153.91845905720118	0.3136214344337815	0.08551176677606817	3572.9660952398854	5.069316830176149	0.4160490367320695
	gen5ind6	154.30294238499147	0.37021616445612093	0.09866689125179681	2230.3286441228324	5.069316830176149	0.5267170219166288
	gen4ind1	154.88865195598316	0.44935325930121905	0.08171813785770833	202.39199550901026	3.478011335221959	0.4160490367320695
	gen8ind7	157.6815367029439	0.37021616445612093	0.08551176677606817	2230.3286441228324	5.069316830176149	0.4160490367320695
	gen2ind7	157.6815367029439	0.37021616445612093	0.08551176677606817	2230.3286441228324	5.069316830176149	0.4160490367320695
	gen5ind7	159.9929957025309	0.6467478524312317	0.08171813785770833	202.39199550901026	3.478011335221959	0.9197085425822413
	gen3ind9	161.35308755400015	0.26188533661704916	0.07788506554859256	6382.8652418744805	17.424462857977026	0.9049633432696351
	gen8ind2	162.3904100359368	0.37021616445612093	0.08735114166796387	2230.3286441228324	7.8166128263101875	0.4160490367320695
	gen7ind7	162.42154974314627	0.37021616445612093	0.08551176677606817	3004.644327092816	5.069316830176149	0.7137873148703073
	gen4ind5	164.39209142552693	0.37021616445612093	0.09074145216703022	2230.3286441228324	9.880927800811861	0.4160490367320695
	gen8ind6	166.7811982421153	0.4319526294764454	0.09948850892721914	1714.11818880951	5.301785458023241	0.2175568513065776
	gen6ind8	168.0016525287011	0.4319526294764454	0.09045748240843832	1714.11818880951	5.069316830176149	0.2175568513065776
	gen7ind14	168.87648983321824	0.4319526294764454	0.09045748240843832	1714.11818880951	5.301785458023241	0.2175568513065776
	gen6ind12	172.19765587939625	0.716974654383463	0.06361848130846422	369.9128169901619	3.771044788528466	0.4160490367320695
	gen6ind10	172.22105347129428	0.716974654383463	0.060283427981854605	369.9128169901619	3.771044788528466	0.5794702515869159
	gen4ind8	172.2922921979197	0.716974654383463	0.0617216668492843	369.9128169901619	3.771044788528466	0.4160490367320695
	gen8ind0	178.40038556833105	0.37021616445612093	0.08551176677606817	4549.572082828701	5.069316830176149	0.4160490367320695
	gen5ind1	180.0066521255776	0.4319526294764454	0.09074145216703022	1714.11818880951	9.880927800811861	0.4160490367320695
	gen1ind6	186.45606130511445	0.4654146473339144	0.08648559333384559	3288.700292790643	3.771044788528466	0.4160490367320695
	gen7ind0	188.05850044084482	0.4759284105122586	0.08085002090228993	1709.6102633749883	7.801240916705603	0.8130334075830533
	gen5ind14	194.1723782984846	0.32362180163737364	0.098098951734613	6382.8652418744805	16.0585008147123	0.7064711578441432
	gen7ind12	196.00172814452634	0.716974654383463	0.059177449523561326	369.9128169901619	8.582655759164178	0.5794702515869159
	gen7ind1	201.1977939443789	0.32362180163737364	0.098098951734613	6382.8652418744805	17.424462857977026	0.5025436234400285
	gen10ind9	218.25823511910352	0.18874559268025282	0.08371261465766361	5195.066937177841	10.312900081514154	1.0520319125578135
	gen10ind4	219.21834949977725	0.18006636527243583	0.09116695278417541	4045.410077469638	11.2186852898517	1.0115255930085452
	gen9ind13	225.04301690656175	0.26020527979572494	0.08371261465766361	3110.350492066385	5.501289110878442	1.0757007151506457
	gen7ind3	225.3359531151532	0.2584052636374341	0.08085002090228993	3476.19139973914	6.4352788734408755	1.0391009052921496
	gen6ind14	227.22047277079776	0.37021616445612093	0.08565301751558428	5736.480244682675	15.830984817285474	0.8450407303875028
	gen4ind2	228.5218851628817	0.38761679428089457	0.059790525926778706	528.700717120345	10.447447397983252	1.6410807603765554
	gen5ind12	231.31473688193145	0.3464940289072854	0.08551176677606817	1803.4449541435072	3.2474567333539968	1.2464853682782808
	gen1ind2	235.67809982263506	0.16998496027261528	0.08551176677606817	2230.3286441228324	3.2474567333539968	1.0273936866434759
	gen6ind7	238.72968662113345	0.37021616445612093	0.09074145216703022	2230.3286441228324	9.880927800811861	1.2022054416683177
	gen5ind10	239.34135632371934	0.2875164685450987	0.09667136287442496	6382.8652418744805	17.424462857977026	1.6492372164928415
	gen5ind5	241.12059801325984	0.43383474882110884	0.08551176677606817	243.38711058100557	1.5449970671562898	1.2005204004349899
	gen3ind0	250.16156453293473	0.33892297780649683	0.08551176677606817	243.38711058100557	3.2474567333539968	1.2005204004349899
	gen6ind9	251.99363414877675	0.1699184212626716	0.07533489747317629	7255.690311700691	21.29129877939314	2.2037148483018933
	gen0ind0	254.4183327486502	0.15355450877797738	0.05386908283179813	6382.8652418744805	17.424462857977026	2.4204171880261947
	gen5ind3	255.1997291801961	0.1699184212626716	0.07533489747317629	7255.690311700691	15.147570766301223	2.0585037877458565
	gen4ind3	255.67359314877697	0.1699184212626716	0.05386908283179813	6382.8652418744805	15.147570766301223	2.221925002600703
	gen6ind2	260.2937853077896	0.1699184212626716	0.07533489747317629	5866.654786561158	8.969997752400785	2.0787668097674907
	gen6ind4	260.9042438916204	0.19050318377686376	0.05386908283179813	6382.8652418744805	10.335959795665511	2.0585037877458565
	gen2ind3	261.13241467633264	0.10818195624234711	0.05386908283179813	6382.8652418744805	17.424462857977026	2.4204171880261947
	gen5ind9	267.4305741404817	0.10818195624234711	0.05386908283179813	4726.002976222688	17.424462857977026	2.4204171880261947
	gen3ind12	267.4305741404817	0.10818195624234711	0.05386908283179813	4726.002976222688	17.424462857977026	2.4204171880261947
	gen4ind12	271.76620420980134	0.24674323441547197	0.01890681605419088	4809.832029291396	17.495135468074974	2.3284872523396127
	gen2ind6	276.94349387629035	0.37021616445612093	0.08551176677606817	2566.8194970368986	10.99692583073275	2.0205729506984067
	gen3ind2	284.38504259279745	0.32074789045713226	0.05386908283179813	6382.8652418744805	19.488632591392413	1.6667606382566755
	gen3ind6	291.589126549967	0.8612407265709885	0.028811713708170674	182.35777889929136	4.353466555667602	2.2005901583754026
	gen4ind10	299.51943505986037	0.29800549827157113	0.05386908283179813	7392.253447046774	14.019543525581613	2.301581154029466
	gen5ind2	299.71936895332027	0.29800549827157113	0.053454295553517044	7392.253447046774	14.019543525581613	2.301581154029466
	gen3ind11	307.7672951692631	0.34818876926323994	0.06501392712009865	5698.866296483497	17.424462857977026	2.4204171880261947
	gen3ind4	314.72778583721384	0.698753099026471	0.08427238591476349	3467.784876550594	2.5250844082848776	2.8044828561542388
	gen4ind14	314.7533730276115	0.7650053507161462	0.04466546783049371	545.2902902735182	12.181479920974454	1.4233680484324132
	gen2ind2	317.8986154166776	0.6067070192685939	0.010631149071236357	545.2902902735182	19.26998298328597	2.8661124840210412
	gen5ind8	330.26627631840717	0.5916261057524752	0.05656051779388564	1475.4982038398534	12.181479920974454	1.4233680484324132
	gen3ind3	345.38005760157466	0.5601171916559577	0.010631149071236357	1570.1701083427638	12.720052136720456	2.8661124840210412
	gen2ind5	365.6563839020697	0.7650053507161462	0.010631149071236357	545.2902902735182	19.008188955698735	2.8661124840210412
	gen3ind1	368.6728421363924	0.7650053507161462	0.02835721257946998	545.2902902735182	19.008188955698735	2.4255521240794757
	gen2ind10	372.8516523121745	0.15355450877797738	0.03747980134247929	6382.8652418744805	23.15883389126721	3.4469567262451886
	gen5ind0	373.3839987647098	0.16749192427247686	0.05386908283179813	7679.066298008431	22.695228953156853	3.363183246674893
	gen4ind7	374.21845792103096	0.15355450877797738	0.06739386045969317	5866.654786561158	23.15883389126721	3.028184360848914
	gen4ind6	375.5676992559216	0.7650053507161462	0.02835721257946998	545.2902902735182	19.008188955698735	2.0333164422280157
	gen3ind14	375.73136145392834	0.5002400487408176	0.02568364854164041	3262.7495547494773	13.44024171486004	1.253593767524619
	gen1ind5	376.45035486747935	0.8126045921550429	0.010631149071236357	545.2902902735182	19.26998298328597	2.8661124840210412
	gen3ind8	381.2380807073413	0.15355450877797738	0.05386908283179813	5688.959077152745	14.019543525581613	3.282155724405169
	gen4ind0	381.4109283510951	0.15355450877797738	0.03977636568671927	4957.33236641614	14.019543525581613	3.282155724405169
	gen1ind1	389.4031135463402	0.5428230297485025	0.05976948991908034	5014.867351092513	12.21897895965425	2.8044828561542388
	gen1ind10	473.8429891231951	0.8278416049094154	0.06870495252702612	182.35777889929136	21.085126095936666	4.58958955677899
	gen2ind4	478.2804184391922	0.21448019978561567	0.07961163386853236	5379.492852085098	5.556653945998093	4.943724300258142
	gen0ind12	481.4480011779464	0.7983861467745291	0.03406928507748924	182.35777889929136	12.460144318495143	4.58958955677899
	gen2ind1	483.16014916191114	0.8933820998987851	0.031446866888605915	156.55949014275097	18.71612307753469	4.58958955677899
	gen2ind14	484.4864911605264	0.8126045921550429	0.010631149071236357	1570.1701083427638	19.26998298328597	2.8661124840210412
	gen2ind12	503.53233564791	0.7045375930147703	0.06870495252702612	865.4649168759126	21.085126095936666	4.58958955677899
	gen1ind12	527.9910591417965	0.7266372194953827	0.07269824015037932	5014.867351092513	14.135145693875321	2.2317664858072974
	gen0ind10	540.8290060829194	0.3601161864996597	0.06488699347515534	1927.9573444565501	15.862699153298554	6.056997816758922
	gen1ind14	546.4341372348648	0.3601161864996597	0.049493858620515356	1062.6386142905712	15.862699153298554	6.56584381094237
	gen3ind5	558.8954525639951	0.7983861467745291	0.05045856656680808	1541.087411137271	12.460144318495143	4.58958955677899
	gen0ind1	563.8721940608176	0.11378197121631956	0.029859489780419968	1601.0349160702456	20.96508530057041	6.510102572392025
	gen0ind14	589.1309328761675	0.8772097931068122	0.05005963975960093	5014.867351092513	14.135145693875321	2.2317664858072974
	gen0ind8	605.9242807916785	0.26207677643953764	0.07028463265771748	7202.814328816198	28.432334485309333	7.582481652961414
	gen1ind0	620.3972378503453	0.8591667762753223	0.018959627477986095	3961.6819986187747	22.1210424099301	0.7310249762702337
	gen1ind11	626.0975912122061	0.8772097931068122	0.05005963975960093	5014.867351092513	16.347318426485025	1.2971697566152005
	gen2ind8	635.7949833394813	0.35083676752486814	0.09941499183004654	5379.492852085098	8.848417027054541	7.265136352206765
	gen2ind13	641.3696810627306	0.8751909654542911	0.050546553038489636	5544.0531754264175	16.347318426485025	1.2971697566152005
	gen0ind7	643.0793688731212	0.7299554995276035	0.018959627477986095	3961.6819986187747	19.26998298328597	3.6250968646647435
	gen3ind10	644.0218643273917	0.7635848871249818	0.010631149071236357	3615.3781475363317	25.55480064929136	2.8661124840210412
	gen2ind9	644.0218643273917	0.7635848871249818	0.010631149071236357	3615.3781475363317	25.55480064929136	2.8661124840210412
	gen0ind13	676.7594821854834	0.4371402001710589	0.09941499183004654	5379.492852085098	8.848417027054541	8.45935326191785
	gen2ind0	682.6848633316336	0.6220598566850308	0.08414787625878191	5379.492852085098	8.848417027054541	8.45935326191785
	gen1ind3	689.4130698434105	0.5988745095488639	0.09347579875482649	4013.2785761318555	24.007989020089923	9.451675111345608
	gen1ind9	689.4168295829488	0.6837482239603492	0.06282214729466877	4013.2785761318555	25.763273386016365	9.567482740236422
	gen0ind3	690.5087560667044	0.5988745095488639	0.09347579875482649	2804.3021793720964	24.007989020089923	9.451675111345608
	gen1ind8	696.9350002603211	0.5988745095488639	0.0662965190691433	2804.3021793720964	18.797206041974206	9.451675111345608
	gen3ind7	742.1593111367314	0.8126045921550429	0.028738822861350474	5080.398383301217	27.256078066693064	2.8661124840210412
	gen0ind6	753.986492924566	0.6625391848065489	0.06268952904554653	1073.6647190401384	27.114074851683004	10.469367099712505
	gen0ind5	782.1023381189603	0.7825554979329391	0.010439789461461135	6669.24992488274	24.797418769012555	5.3646698316981425
	gen0ind11	788.4265227299963	0.5399635932790914	0.024204463855752735	4648.281437642351	6.758025465206878	10.37773333356801
	gen1ind4	791.9127589806722	0.7983861467745291	0.03098664461897816	182.35777889929136	11.694366565270546	10.375232968912911
	gen1ind13	791.9290400444876	0.7825554979329391	0.010439789461461135	7177.836008594781	24.797418769012555	5.3646698316981425
	gen1ind7	814.3672185980081	0.4972409995516701	0.08479641701026294	7906.448135730651	2.563452385547022	10.57016128513645
	gen2ind11	989.7168490508467	0.7653602592691713	0.06726764462664832	4013.2785761318555	28.35253878507326	11.538445371369068
	gen0ind9	1093.2547462868342	0.4972409995516701	0.07934648585904601	7906.448135730651	1.7159012269048017	11.98733586099991
